8 4 5 5
8 4 6 5
8 4 7 5
8 4 8 5
8 4 9 5
8 5 5 5
8 5 6 5
8 5 7 5
8 5 8 5
8 5 9 5
9 4 5 5
9 4 6 5
9 4 7 5
9 4 8 5
9 4 9 5
9 5 5 5
9 5 6 5
9 5 7 5
9 5 8 5
9 5 9 5
9 6 6 5
9 6 7 5
9 6 8 5
9 7 6 5
9 7 7 5
9 7 8 5
10 2 7 4
10 3 7 4
10 4 5 5
10 4 6 5
10 4 7 4
10 4 8 5
10 4 9 5
10 5 5 5
10 5 6 5
10 5 7 4
10 5 8 5
10 5 9 5
10 6 6 5
10 6 7 4
10 6 8 5
10 7 6 5
10 7 7 5
10 7 8 5
11 4 5 5
11 4 6 5
11 4 7 5
11 4 8 5
11 4 9 5
11 5 5 5
11 5 6 5
11 5 7 5
11 5 8 5
11 5 9 5
11 6 6 5
11 6 7 5
11 6 8 5
11 7 7 5
11 7 8 5
12 4 6 5
12 4 7 5
12 4 8 5
12 4 9 5
12 5 5 5
12 5 6 5
12 5 7 5
12 5 8 5
12 5 9 5

